0.000000 -0.649014
0.011111 0.569524
0.022222 -1.978295
0.033333 -2.930887
0.044444 -3.258288
0.055556 -3.563817
0.066667 -4.112251
0.077778 -3.918784
0.088889 -4.816094
0.100000 -4.530757
0.111111 -6.440502
0.122222 -5.230830
0.133333 -7.952012
0.144444 -5.945035
0.155556 -7.406895
0.166667 -7.303557
0.177778 -9.703423
0.188889 -9.235502
0.200000 -6.976029
0.211111 -6.264827
0.222222 -8.667750
0.233333 -7.842282
0.244444 -6.671830
0.255556 -6.639533
0.266667 -10.190693
0.277778 -9.240750
0.288889 -8.422343
0.300000 -6.369038
0.311111 -8.855907
0.322222 -7.448303
0.333333 -5.503226
0.344444 -6.277246
0.355556 -5.412321
0.366667 -5.657780
0.377778 -3.971274
0.388889 -3.207889
0.400000 -3.957990
0.411111 -0.955132
0.422222 -1.402380
0.433333 -1.826393
0.444444 0.257119
0.455556 0.003387
0.466667 1.307349
0.477778 3.035600
0.488889 2.375633
0.500000 4.104368
0.511111 4.340089
0.522222 5.916695
0.533333 8.646276
0.544444 7.380724
0.555556 9.468691
0.566667 11.181977
0.577778 10.934346
0.588889 13.883346
0.600000 12.830109
0.611111 16.280262
0.622222 17.742170
0.633333 17.282682
0.644444 19.301008
0.655556 21.607437
0.666667 21.953165
0.677778 21.574216
0.688889 24.656313
0.700000 26.059770
0.711111 26.974710
0.722222 28.447628
0.733333 29.504253
0.744444 31.407582
0.755556 30.039583
0.766667 30.234018
0.777778 33.712202
0.788889 33.383176
0.800000 33.246234
0.811111 36.250808
0.822222 35.232859
0.833333 37.157990
0.844444 37.067097
0.855556 38.471413
0.866667 37.707560
0.877778 38.056314
0.888889 36.848406
0.900000 36.853430
0.911111 38.954673
0.922222 36.810094
0.933333 37.062882
0.944444 34.928325
0.955556 36.741583
0.966667 35.558197
0.977778 35.580753
0.988889 34.299707
1.000000 32.794570
