0.000000 14.112295
0.011111 16.437128
0.022222 14.948792
0.033333 15.003199
0.044444 15.629610
0.055556 16.229207
0.066667 16.546460
0.077778 17.579063
0.088889 17.509232
0.100000 18.625331
0.111111 17.562568
0.122222 19.644498
0.133333 17.824558
0.144444 20.759237
0.155556 20.242590
0.166667 21.293784
0.177778 19.824765
0.188889 21.183684
0.200000 24.270151
0.211111 25.720772
0.222222 23.948433
0.233333 25.278063
0.244444 26.813240
0.255556 27.062740
0.266667 23.577971
0.277778 24.444434
0.288889 25.033801
0.300000 26.719150
0.311111 23.733322
0.322222 24.519175
0.333333 25.727394
0.344444 24.107948
0.355556 24.023872
0.366667 22.729064
0.377778 23.267271
0.388889 22.783047
0.400000 20.684083
0.411111 22.233554
0.422222 20.224160
0.433333 18.124493
0.444444 18.414140
0.455556 16.244327
0.466667 15.507381
0.477778 15.069398
0.488889 12.120115
0.500000 11.441909
0.511111 9.161967
0.522222 8.126452
0.533333 8.162668
0.544444 4.139929
0.555556 3.425535
0.566667 2.310036
0.577778 -0.775075
0.588889 -0.656506
0.600000 -4.520044
0.611111 -3.849917
0.622222 -5.130403
0.633333 -8.289526
0.644444 -8.924288
0.655556 -9.220902
0.666667 -11.423910
0.677778 -14.291376
0.688889 -13.629472
0.700000 -14.567451
0.711111 -15.902760
0.722222 -16.575184
0.733333 -17.544986
0.744444 -17.535953
0.755556 -20.654690
0.766667 -22.058502
0.777778 -20.019929
0.788889 -21.626363
0.800000 -22.876836
0.811111 -20.821069
0.822222 -22.621799
0.833333 -21.310377
0.844444 -21.840054
0.855556 -20.683012
0.866667 -21.509739
0.877778 -21.025519
0.888889 -21.891421
0.900000 -21.329116
0.911111 -18.447820
0.922222 -19.585087
0.933333 -18.097825
0.944444 -18.776557
0.955556 -15.298229
0.966667 -14.625651
0.977778 -12.580198
0.988889 -11.699840
1.000000 -10.936517
