16.242459 14.425719 0.000000
16.400214 13.742925 -122.904026
16.545520 12.429938 -113.436101
16.680134 12.116441 57.006081
16.823102 14.052129 291.421326
16.997210 17.282109 289.928472
17.209239 21.073464 392.522367
17.468385 25.642455 429.904213
17.780490 30.595924 461.729012
18.151159 36.324905 569.497920
18.588597 42.295547 505.228326
19.085663 46.811319 307.618920
19.622232 49.543418 184.163678
20.182892 51.269826 126.592967
20.762513 53.242078 228.383975
21.371227 56.601506 376.319042
22.020107 59.905912 218.480034
22.693524 60.798613 -57.792186
23.357877 58.101004 -427.782416
23.970740 51.649193 -733.555131
24.499578 43.564543 -721.696374
24.939451 35.647316 -703.418741
25.290340 27.354123 -789.370982
25.545079 18.451472 -812.977998
25.698753 9.106120 -869.202093
25.745203 -0.841761 -921.434529
25.681222 -10.472561 -812.126644
25.516205 -19.098118 -740.489258
25.259279 -27.060836 -692.814237
24.917889 -34.205492 -593.236768
24.504591 -39.884934 -429.072994
24.036999 -44.097468 -329.190771
23.524011 -48.471802 -458.126229
22.957281 -53.529905 -452.341564
22.334803 -58.498035 -441.930659
21.657516 -63.418100 -443.689926
20.925997 -68.210861 -419.015685
20.141751 -72.998938 -442.846811
19.301657 -78.369526 -523.868721
18.398305 -84.258222 -536.107103
17.429803 -90.003217 -498.002326
16.399015 -95.517336 -494.459736
15.307969 -100.803550 -457.068321
14.158846 -106.119977 -499.898001
12.949505 -111.508357 -470.020130
11.680723 -116.946461 -508.848364
10.349971 -122.587021 -506.462701
8.958435 -127.730759 -419.419272
7.513349 -132.385330 -418.412041
6.017435 -136.805856 -377.290577
4.473665 -141.076472 -391.358733
2.882248 -145.359910 -379.667774
1.246952 -148.705215 -222.493216
-0.415755 -150.288749 -62.545670
-2.086062 -150.062440 103.281526
-3.744054 -148.111366 247.915448
-5.371429 -144.550252 393.091364
-6.951052 -139.585618 500.551678
-8.468868 -133.424184 608.517565
-9.911599 -126.038683 720.766387
-11.270117 -118.730287 594.758065
-12.553445 -112.345628 554.491970
-13.767093 -106.077549 573.773592
-14.907993 -99.078492 686.069176
-15.964431 -90.895757 786.837847
-16.924771 -81.874109 837.075033
-17.783313 -72.710798 812.337524
-18.541320 -63.755262 799.674992
-19.204115 -55.872796 619.055408
-19.790564 -50.036495 431.489266
-20.320110 -45.302769 420.589977
-20.797872 -40.728214 402.838095
-21.223539 -35.712842 499.937910
-21.589116 -30.058408 517.870388
-21.888669 -23.640258 637.408139
-22.109944 -16.005513 736.859803
-22.238807 -6.875841 906.497588
-22.257026 3.796420 1014.355604
-22.148869 15.974525 1177.725302
-21.899509 28.835983 1137.360307
-21.507481 41.858101 1206.644395
-20.967357 55.415174 1233.653071
-20.278143 68.405552 1104.638327
-19.453311 79.759030 939.008247
-18.514031 88.873503 701.613190
-17.483451 96.614402 691.762625
-16.370135 103.499244 547.409740
-15.191417 108.217338 301.855653
-13.977609 109.619750 -49.418821
-12.764581 108.555988 -142.060314
-11.564261 107.766772 0.000000
