0.530078 -0.051171 0.000000
0.529676 -0.052524 -0.347921
0.529261 -0.053914 -0.009468
0.528852 -0.049813 1.064103
0.528510 -0.036394 2.386515
0.528301 -0.017026 2.593695
0.528253 0.005483 3.193971
0.528395 0.031321 3.450801
0.528745 0.058980 3.661352
0.529320 0.089663 4.228335
0.530144 0.122016 4.090877
0.531211 0.151385 3.460740
0.532491 0.177642 3.291751
0.533975 0.204295 3.561780
0.535683 0.236353 4.681569
0.537677 0.278377 6.124147
0.540029 0.326647 6.289483
0.542757 0.374344 5.975072
0.545842 0.418027 5.257251
0.549248 0.457171 4.808179
0.552959 0.498137 5.725635
0.557015 0.546050 6.596060
0.561464 0.598549 6.903420
0.566333 0.654072 7.373300
0.571646 0.712213 7.576968
0.577415 0.771536 7.679003
0.583655 0.834018 8.387351
0.590400 0.900956 8.824670
0.597677 0.970516 9.061789
0.605504 1.042493 9.446023
0.613903 1.118270 10.041401
0.622907 1.197303 10.280779
0.632522 1.273988 9.437621
0.642714 1.346214 9.134429
0.653456 1.415933 8.794901
0.664731 1.482580 8.342582
0.676511 1.545917 7.943656
0.688768 1.605031 7.256445
0.701461 1.657490 6.232611
0.714532 1.702811 5.422694
0.727933 1.742312 4.734424
0.741619 1.775430 3.781385
0.755533 1.801271 2.863223
0.769614 1.818138 1.474365
0.783788 1.825058 0.305147
0.797977 1.821365 -1.254754
0.812091 1.806027 -2.689307
0.826046 1.780901 -3.771386
0.839768 1.745931 -5.221780
0.853177 1.700586 -6.438015
0.866196 1.645204 -7.802785
0.878745 1.580171 -8.919550
0.890761 1.509602 -9.228441
0.902223 1.437351 -9.349937
0.913120 1.364941 -9.269164
0.923458 1.293437 -9.117208
0.933246 1.223690 -8.817176
0.942498 1.156099 -8.565145
0.951235 1.090826 -8.218777
0.959475 1.028576 -7.787830
0.967234 0.965729 -8.372445
0.974489 0.899948 -8.544457
0.981232 0.833943 -8.427667
0.987469 0.770535 -7.876777
0.993229 0.711290 -7.357307
0.998542 0.655300 -7.039544
1.003426 0.600610 -7.025134
1.007886 0.546390 -6.916735
1.011920 0.490305 -7.504747
1.015501 0.429757 -8.064241
1.018603 0.368163 -7.775901
1.021234 0.308897 -7.463467
1.023420 0.254196 -6.601904
1.025202 0.204888 -6.077037
1.026622 0.161385 -5.109147
1.027731 0.124945 -4.262173
1.028585 0.096117 -3.150506
1.029245 0.074655 -2.368035
1.029764 0.060051 -1.387167
1.030190 0.049436 -1.342718
1.030539 0.041063 -0.810152
1.030838 0.036247 -0.428416
1.031104 0.031996 -0.664556
1.031330 0.025709 -0.952021
1.031497 0.016472 -1.423419
1.031589 0.008044 -0.743832
1.031631 0.003022 -0.547577
1.031636 -0.001984 -0.739416
1.031591 -0.010390 -1.422334
1.031470 -0.020164 -1.090933
1.031292 -0.024406 0.000000
