15.864077 146.170941 0.000000
17.334747 104.742887 -7457.124163
18.032700 20.391377 -7726.299490
17.926493 -26.535285 -720.584109
17.798108 22.409365 9530.709154
18.444067 76.623540 227.061718
19.359432 92.642717 2656.418893
20.493333 106.113035 -231.737345
21.601462 88.259213 -2981.982702
22.550181 96.204598 4412.166239
23.858035 136.203153 2787.645685
25.373188 121.202204 -5487.843457
26.332895 47.206876 -7831.448808
26.316628 -55.298311 -10619.669381
25.170848 -139.736199 -4577.934734
23.597686 -119.853042 8156.938845
22.686876 -51.530875 4141.174118
22.311625 -21.263298 1307.044224
22.007896 -46.742376 -5893.323966
20.971405 -153.630296 -13346.694198
18.665191 -241.275854 -2429.663866
15.938970 -240.037325 2652.601282
13.333911 -238.034836 -2292.149719
10.587842 -252.574387 -324.759998
7.738524 -262.370558 -1438.568456
4.662920 -297.688354 -4918.698382
1.197263 -313.034155 2156.426621
-2.136770 -286.109689 2690.025715
-5.223444 -276.135449 -894.644658
-8.359169 -289.412909 -1495.322097
-11.547258 -273.659755 4330.918277
-14.223626 -199.367439 9041.832245
-16.105293 -159.511072 -1868.259977
-17.933435 -164.202009 1023.882876
-19.655570 -142.265188 2924.784270
-21.061819 -111.409234 2629.343054
-22.085148 -68.090404 5168.124374
-22.525349 -11.386260 5038.723580
-22.428565 20.911751 774.976465
-22.129318 34.668794 1701.316161
-21.565061 73.561699 5299.476762
-20.433155 129.022851 4682.731947
-18.658572 195.081410 7207.927518
-16.141259 249.474930 2583.003982
-13.171406 288.568531 4453.914601
-9.798940 308.694275 -831.244449
-6.484996 282.003209 -3973.195502
-3.525838 257.047219 -518.927571
-0.780633 230.001332 -4349.380716
1.532767 188.784543 -3069.715475
3.366534 134.563738 -6689.248742
4.367057 38.178465 -10660.273856
4.232176 -53.552011 -5851.377050
3.313647 -108.393821 -4020.247387
1.895485 -143.785484 -2350.315769
0.161350 -167.592962 -1935.073101
-1.786978 -180.117694 -319.401226
-3.816609 -185.995825 -738.672773
-5.885789 -182.588993 1351.908546
-7.681439 -127.119993 8631.712873
-8.760540 -85.073547 -1063.277019
-9.799399 -104.440639 -2422.834326
-11.111311 -131.878354 -2516.003870
-12.649370 -137.545781 1495.856916
-14.047971 -110.844852 3310.358246
-15.076351 -74.366290 3255.848721
-15.741602 -48.974859 1314.654572
-16.097967 -5.573304 6497.703302
-15.867592 37.241647 1208.371531
-15.497503 18.728522 -4540.767350
-15.451460 0.200876 1205.757617
-15.389625 9.595424 485.277902
-15.137988 46.055965 6077.685156
-14.345499 88.097584 1489.882047
-13.232402 116.066960 3544.655913
-11.775388 141.571466 1046.201055
-10.088013 166.640574 3466.283449
-8.081806 189.092874 574.807293
-5.843686 222.919415 5514.031000
-3.235736 227.681319 -4656.879695
-0.927640 193.701025 -1459.634402
1.217376 199.866973 2569.516067
3.522128 208.280230 -1055.114535
5.732899 186.215533 -2916.570763
7.466238 111.778067 -10482.307084
8.325663 66.725330 2372.733414
9.280248 111.083912 5611.172518
10.819705 162.316911 3610.859578
12.556586 124.268414 -10459.657507
13.274821 3.497289 -11279.362345
12.849517 -59.165208 0.000000
