0.000000 24.001493
0.011111 26.345356
0.022222 24.749361
0.033333 24.613180
0.044444 25.075015
0.055556 25.667065
0.066667 26.225415
0.077778 27.750065
0.088889 28.322397
0.100000 30.055210
0.111111 29.389635
0.122222 31.494419
0.133333 29.243146
0.144444 31.291044
0.155556 29.487101
0.166667 28.928547
0.177778 25.599522
0.188889 24.897011
0.200000 25.740061
0.211111 24.757721
0.222222 20.337461
0.233333 18.776771
0.244444 17.170702
0.255556 14.058124
0.266667 7.067727
0.277778 4.399237
0.288889 1.547684
0.300000 -0.014616
0.311111 -6.000981
0.322222 -7.957262
0.333333 -9.238660
0.344444 -13.086082
0.355556 -15.093869
0.366667 -17.939238
0.377778 -18.511431
0.388889 -19.630477
0.400000 -21.894809
0.411111 -20.070122
0.422222 -21.378132
0.433333 -22.318624
0.444444 -20.331164
0.455556 -20.166604
0.466667 -17.871186
0.477778 -14.602038
0.488889 -13.296078
0.500000 -9.382693
0.511111 -6.987738
0.522222 -3.512233
0.533333 0.661582
0.544444 0.242356
0.555556 2.484784
0.566667 3.615044
0.577778 2.056280
0.588889 3.039861
0.600000 -0.494991
0.611111 0.140044
0.622222 -1.357103
0.633333 -4.765088
0.644444 -5.592619
0.655556 -6.000122
0.666667 -8.245083
0.677778 -11.103081
0.688889 -10.377135
0.700000 -11.168834
0.711111 -12.239796
0.722222 -12.509192
0.733333 -12.945647
0.744444 -12.304645
0.755556 -14.725286
0.766667 -15.371675
0.777778 -12.482329
0.788889 -13.074921
0.800000 -13.066193
0.811111 -9.440799
0.822222 -9.336603
0.833333 -5.808223
0.844444 -3.873937
0.855556 -0.099373
0.866667 1.735235
0.877778 4.806208
0.888889 6.331807
0.900000 8.978566
0.911111 13.553002
0.922222 13.682108
0.933333 16.034980
0.944444 15.901483
0.955556 19.710163
0.966667 20.587648
0.977778 22.752592
0.988889 23.650905
1.000000 24.284597
