0.000000 0.523081
0.011111 0.530655
0.022222 0.523234
0.033333 0.522274
0.044444 0.523911
0.055556 0.525752
0.066667 0.526767
0.077778 0.530932
0.088889 0.530957
0.100000 0.535989
0.111111 0.532573
0.122222 0.542033
0.133333 0.536238
0.144444 0.549898
0.155556 0.550305
0.166667 0.557671
0.177778 0.555800
0.188889 0.566244
0.200000 0.584762
0.211111 0.598042
0.222222 0.599855
0.233333 0.615588
0.244444 0.633700
0.255556 0.648230
0.266667 0.649341
0.277778 0.669292
0.288889 0.689448
0.300000 0.715145
0.311111 0.723136
0.322222 0.746990
0.333333 0.773101
0.344444 0.788255
0.355556 0.809692
0.366667 0.826227
0.377778 0.849850
0.388889 0.868973
0.400000 0.881087
0.411111 0.907128
0.422222 0.918181
0.433333 0.928061
0.444444 0.946654
0.455556 0.954555
0.466667 0.967343
0.477778 0.980507
0.488889 0.982839
0.500000 0.993506
0.511111 0.997056
0.522222 1.004906
0.533333 1.016397
0.544444 1.011031
0.555556 1.018297
0.566667 1.023379
0.577778 1.020022
0.588889 1.028943
0.600000 1.021428
0.611111 1.031576
0.622222 1.033487
0.633333 1.027492
0.644444 1.031242
0.655556 1.036030
0.666667 1.032903
0.677778 1.026848
0.688889 1.034642
0.700000 1.035759
0.711111 1.034990
0.722222 1.036548
0.733333 1.036562
0.744444 1.040109
0.755556 1.030740
0.766667 1.027813
0.777778 1.038236
0.788889 1.033669
0.800000 1.030130
0.811111 1.039439
0.822222 1.032965
0.833333 1.038592
0.844444 1.036507
0.855556 1.040808
0.866667 1.036787
0.877778 1.037583
0.888889 1.032505
0.900000 1.032619
0.911111 1.041445
0.922222 1.033604
0.933333 1.035657
0.944444 1.028454
0.955556 1.037325
0.966667 1.034484
0.977778 1.036731
0.988889 1.034020
1.000000 1.030658
