0.000000 14.112295
0.011111 16.888411
0.022222 15.716708
0.033333 15.995528
0.044444 16.860542
0.055556 17.841791
0.066667 18.775282
0.077778 20.663760
0.088889 21.593322
0.100000 23.681422
0.111111 23.371703
0.122222 25.832309
0.133333 23.933689
0.144444 26.327058
0.155556 24.858279
0.166667 24.623359
0.177778 21.607164
0.188889 21.208791
0.200000 22.350045
0.211111 21.662624
0.222222 17.535637
0.233333 16.266119
0.244444 14.945710
0.255556 12.107030
0.266667 5.371329
0.277778 2.932486
0.288889 0.283836
0.300000 -1.099191
0.311111 -6.924015
0.322222 -8.731604
0.333333 -9.876597
0.344444 -13.604193
0.355556 -15.515031
0.366667 -18.290056
0.377778 -18.816487
0.388889 -19.907236
0.400000 -22.153060
0.411111 -20.317101
0.422222 -21.626573
0.433333 -22.592470
0.444444 -20.664397
0.455556 -20.594391
0.466667 -18.417073
0.477778 -15.267472
0.488889 -14.057400
0.500000 -10.196719
0.511111 -7.802623
0.522222 -4.278243
0.533333 -0.014614
0.544444 -0.313982
0.555556 2.067257
0.566667 3.342712
0.577778 1.919246
0.588889 3.008306
0.600000 -0.470451
0.611111 0.158610
0.622222 -1.407093
0.633333 -4.934124
0.644444 -5.911939
0.655556 -6.483317
0.666667 -8.897100
0.677778 -11.931277
0.688889 -11.398138
0.700000 -12.407789
0.711111 -13.723299
0.722222 -14.256985
0.733333 -14.966781
0.744444 -14.600895
0.755556 -17.300125
0.766667 -18.239646
0.777778 -15.673302
0.788889 -16.630555
0.800000 -17.030140
0.811111 -13.847382
0.822222 -14.202979
0.833333 -11.132659
0.844444 -9.639250
0.855556 -6.278270
0.866667 -4.824026
0.877778 -2.096600
0.888889 -0.876540
0.900000 1.498670
0.911111 5.822827
0.922222 5.700898
0.933333 7.775599
0.944444 7.315849
0.955556 10.744775
0.966667 11.203331
0.977778 12.938610
0.988889 13.424801
1.000000 13.675878
