25.745952 108.284951 0.000000
26.795284 66.752546 -7475.907672
27.070758 -17.593999 -7706.622263
26.545283 -63.877526 -624.495949
26.010136 -13.266698 9734.536109
26.269556 42.485968 300.141012
26.810675 59.464264 2755.982778
27.580874 73.716451 -190.563442
28.330136 55.928617 -3011.278715
28.919305 63.948985 4454.959365
29.871450 104.434357 2832.480595
31.035616 89.723509 -5480.459773
31.646836 16.030526 -7784.409878
31.286721 -86.046568 -10589.650759
29.801824 -169.961129 -4513.761975
27.898869 -148.804294 8322.030381
26.674890 -79.102160 4224.479306
25.998094 -48.001489 1373.697417
25.400233 -73.052665 -5882.954305
24.070280 -180.302826 -13422.267678
21.465540 -268.113788 -2383.863454
18.445156 -266.040663 2757.029629
15.557057 -263.030091 -2215.121172
12.539797 -276.227482 -160.219231
9.438564 -283.996257 -1238.174371
6.134275 -317.295675 -4755.780803
2.461932 -330.530434 2373.500503
-1.054011 -301.439243 2862.966134
-4.301976 -289.986067 -801.373767
-7.586277 -302.346003 -1423.436994
-10.911933 -285.336155 4485.240269
-13.706520 -208.791664 9292.905839
-15.679559 -166.725726 -1721.642584
-17.578160 -169.611475 1202.202474
-19.350053 -145.871879 3070.967650
-20.788736 -113.765097 2708.310731
-21.833101 -69.497404 5259.953699
-22.282308 -11.513927 5177.176585
-22.177680 22.515981 948.268101
-21.848309 38.631002 1952.464648
-21.223839 80.499537 5583.947126
-19.999629 138.486916 4852.946164
-18.112189 205.679493 7241.838585
-15.479949 259.120889 2377.708821
-12.417737 295.354340 4144.377644
-8.991350 311.400851 -1255.976737
-5.673826 279.916470 -4411.268527
-2.762460 250.750601 -838.640378
-0.105944 220.424317 -4620.145371
2.087120 176.951844 -3204.978094
3.782930 121.735040 -6733.251421
4.640238 25.412184 -10605.036139
4.371224 -64.542732 -5587.010631
3.349898 -115.636777 -3610.009376
1.878447 -145.966670 -1849.425948
0.150766 -164.270729 -1445.337619
-1.732167 -171.826004 85.374415
-3.648121 -174.134972 -500.992845
-5.573453 -168.791495 1462.828449
-7.208470 -111.963769 8765.343998
-8.112830 -68.948126 -1022.450899
-8.968574 -87.476805 -2312.744753
-10.084036 -113.375699 -2349.102805
-11.405350 -116.956253 1704.596743
-12.563227 -88.187491 3473.832101
-13.331513 -50.363204 3334.607635
-13.726789 -24.524535 1316.399417
-13.809500 19.403643 6590.751705
-13.295081 63.456484 1338.125301
-12.624543 46.700229 -4354.281266
-12.252969 31.115814 1549.058464
-11.826777 44.235405 812.491560
-11.170297 84.266896 6393.248763
-9.937727 128.745537 1612.986655
-8.367769 157.441125 3552.270938
-6.453822 182.153758 896.047492
-4.326008 205.230006 3257.718630
-1.905792 224.846157 272.906201
0.711889 255.572659 5257.919348
3.664408 256.832265 -5031.187994
6.275225 219.214055 -1740.157443
8.689837 223.190964 2456.008229
11.249756 231.158763 -1021.790158
13.720895 210.573125 -2683.661717
15.740180 138.975367 -10204.063662
16.922236 97.896245 2809.747867
18.248205 146.579484 5952.534161
20.199093 200.516835 3756.286023
22.363124 162.392440 -10618.745708
23.494309 39.630701 -11478.588202
23.462286 -24.138595 0.000000
