1.085711 -67.690003 0.000000
0.332850 -67.894421 -36.795498
-0.423012 -68.091422 1.334851
-1.177068 -67.421710 119.214491
-1.915862 -65.295424 263.520951
-2.624694 -62.242389 285.981249
-3.297323 -58.715637 348.840462
-3.927708 -54.712361 371.756424
-4.512371 -50.501203 386.259644
-5.048635 -45.936183 435.452228
-5.532792 -41.270504 404.378402
-5.968209 -37.269235 315.857251
-6.363690 -33.997457 273.068564
-6.724566 -30.959476 273.773453
-7.049858 -27.423896 362.580094
-7.329711 -22.727596 482.762394
-7.552870 -17.480387 461.744572
-7.720145 -12.769077 386.299877
-7.840663 -9.148138 265.475661
-7.927827 -6.713044 172.845649
-7.990610 -4.485855 228.052324
-8.025322 -1.667604 279.237964
-8.026773 1.392154 271.523886
-7.994277 4.480413 284.318224
-7.927193 7.572340 272.234297
-7.826628 10.495939 254.018756
-7.693235 13.613190 307.092005
-7.522399 17.193896 337.441536
-7.310198 21.032258 353.470612
-7.053870 25.181192 393.344898
-6.748337 29.947059 464.519739
-6.386067 35.339007 506.040557
-5.963504 40.593324 439.660930
-5.485306 45.485629 440.962768
-4.952559 50.422228 447.633994
-4.364613 55.415737 451.206580
-3.720665 60.529336 469.250501
-3.019262 65.715273 464.227427
-2.261145 70.683935 430.140626
-1.449320 75.437644 425.535641
-0.584581 80.242322 439.314934
0.333970 85.063489 428.425735
1.305463 89.798543 423.892444
2.328264 94.207003 369.638428
3.397181 98.143204 338.884826
4.507033 101.493924 264.250708
5.649726 104.074139 200.192686
6.817829 106.130656 169.984174
8.005987 107.600001 94.500446
9.206197 108.334985 37.797976
10.410696 108.308771 -42.516004
11.610216 107.492307 -104.449101
12.798448 106.421499 -88.298265
13.975990 105.587045 -61.904876
15.146119 105.107975 -24.328686
16.313173 105.026766 9.711036
17.481515 105.348085 48.126879
18.655448 106.001633 69.512961
19.837929 106.883405 89.207636
21.031477 107.969984 106.360874
22.235560 108.574587 2.468741
23.440646 108.213608 -67.445480
24.637845 107.194629 -115.972718
25.821510 105.847615 -126.492190
26.989325 104.320868 -148.324925
28.138241 102.392630 -198.761464
29.261830 99.691090 -287.520591
30.350048 96.036890 -370.241921
31.391048 91.030723 -530.796157
32.366469 84.253628 -689.093169
33.258723 76.232139 -754.789194
34.057906 67.510439 -815.132497
34.757772 58.473292 -811.570331
35.356827 49.308648 -838.082017
35.853569 40.160350 -808.628164
36.250414 31.320884 -782.491608
36.551477 22.993180 -716.510008
36.763624 15.269475 -673.645746
36.893287 8.212965 -596.538727
36.947493 1.523785 -607.525640
36.928054 -4.920934 -552.535502
36.840337 -10.772235 -500.709086
36.689697 -16.347042 -502.766363
36.477131 -21.906308 -497.911433
36.202925 -27.457706 -501.350186
35.869591 -32.300331 -370.331005
35.489580 -35.936519 -284.130491
35.073732 -38.828609 -236.450933
34.627552 -41.498853 -244.197886
34.153269 -43.703429 -152.629776
33.661399 -44.551364 0.000000
